version = 'MMult_1x4_8';
MY_MMult = [
40 5.565217e+00 2.664535e-15 
80 5.595628e+00 7.105427e-15 
120 3.435388e+00 1.065814e-14 
160 5.527665e+00 1.421085e-14 
200 5.458888e+00 1.421085e-14 
240 5.416928e+00 1.776357e-14 
280 5.222936e+00 1.776357e-14 
320 5.551546e+00 2.842171e-14 
360 5.186593e+00 2.309264e-14 
400 5.103668e+00 2.842171e-14 
440 4.533596e+00 3.197442e-14 
480 3.693109e+00 3.907985e-14 
520 4.197191e+00 3.907985e-14 
560 4.813837e+00 4.618528e-14 
600 5.281819e+00 4.263256e-14 
640 4.832504e+00 4.440892e-14 
680 3.477788e+00 5.329071e-14 
720 4.597443e+00 4.973799e-14 
760 4.051669e+00 4.973799e-14 
800 2.936209e+00 4.973799e-14 
];
