version = 'MMult_4x4_7';
MY_MMult = [
40 6.095238e+00 2.664535e-15 
80 5.953488e+00 7.105427e-15 
120 5.948365e+00 1.065814e-14 
160 4.139464e+00 1.421085e-14 
200 5.328005e+00 1.421085e-14 
240 5.139989e+00 1.776357e-14 
280 2.692671e+00 1.776357e-14 
320 6.349157e+00 2.842171e-14 
360 6.063158e+00 2.309264e-14 
400 6.004597e+00 2.842171e-14 
440 5.953176e+00 3.197442e-14 
480 5.835220e+00 3.907985e-14 
520 5.822519e+00 3.907985e-14 
560 6.118065e+00 4.618528e-14 
600 6.327816e+00 4.263256e-14 
640 6.067376e+00 4.440892e-14 
680 6.156220e+00 5.329071e-14 
720 5.699879e+00 4.973799e-14 
760 5.319954e+00 4.973799e-14 
800 4.406158e+00 4.973799e-14 
];
