version = 'MMult_4x4_15';
MY_MMult = [
40 1.066667e+01 2.664535e-15 
80 1.233735e+01 7.105427e-15 
120 1.252174e+01 1.065814e-14 
160 8.497925e+00 1.421085e-14 
200 1.234568e+01 2.131628e-14 
240 1.115738e+01 2.486900e-14 
280 1.217864e+01 2.842171e-14 
320 1.252839e+01 3.552714e-14 
360 1.277372e+01 4.973799e-14 
400 1.262950e+01 4.973799e-14 
440 1.241116e+01 4.973799e-14 
480 1.228595e+01 6.039613e-14 
520 1.200957e+01 6.394885e-14 
560 7.836851e+00 6.750156e-14 
600 1.244634e+01 7.460699e-14 
640 1.216333e+01 8.171241e-14 
680 1.243060e+01 9.237056e-14 
720 1.225130e+01 1.101341e-13 
760 1.250822e+01 1.065814e-13 
800 1.251665e+01 8.881784e-14 
];
