version = 'MMult_4x4_8';
MY_MMult = [
40 3.121951e+00 2.664535e-15 
80 5.505376e+00 7.105427e-15 
120 3.551901e+00 1.065814e-14 
160 4.998170e+00 1.421085e-14 
200 5.320918e+00 1.421085e-14 
240 5.112426e+00 1.776357e-14 
280 5.111654e+00 1.776357e-14 
320 5.995426e+00 2.842171e-14 
360 5.879773e+00 2.309264e-14 
400 5.862685e+00 2.842171e-14 
440 5.873138e+00 3.197442e-14 
480 5.625229e+00 3.907985e-14 
520 5.662713e+00 3.907985e-14 
560 6.263835e+00 4.618528e-14 
600 6.059161e+00 4.263256e-14 
640 6.049454e+00 4.440892e-14 
680 5.951376e+00 5.329071e-14 
720 5.755470e+00 4.973799e-14 
760 5.012229e+00 4.973799e-14 
800 5.264754e+00 4.973799e-14 
];
