version = 'MMult_1x4_7';
MY_MMult = [
40 4.413793e+00 2.664535e-15 
80 5.475936e+00 7.105427e-15 
120 2.798381e+00 1.065814e-14 
160 5.740715e+00 1.421085e-14 
200 5.485087e+00 1.421085e-14 
240 5.456483e+00 1.776357e-14 
280 5.137374e+00 1.776357e-14 
320 4.786794e+00 2.842171e-14 
360 4.620092e+00 2.309264e-14 
400 4.810041e+00 2.842171e-14 
440 4.238959e+00 3.197442e-14 
480 4.688585e+00 3.907985e-14 
520 3.592713e+00 3.907985e-14 
560 4.600348e+00 4.618528e-14 
600 4.429997e+00 4.263256e-14 
640 4.313849e+00 4.440892e-14 
680 4.668696e+00 5.329071e-14 
720 4.638724e+00 4.973799e-14 
760 4.219158e+00 4.973799e-14 
800 3.842012e+00 4.973799e-14 
];
