version = 'MMult_4x4_6';
MY_MMult = [
40 6.095238e+00 3.552714e-15 
80 6.059172e+00 7.105427e-15 
120 7.714286e+00 1.065814e-14 
160 5.591809e+00 1.243450e-14 
200 7.256236e+00 1.421085e-14 
240 6.313770e+00 2.131628e-14 
280 6.984410e+00 1.776357e-14 
320 6.778651e+00 2.842171e-14 
360 6.778932e+00 2.486900e-14 
400 6.671184e+00 2.842171e-14 
440 6.944159e+00 3.019807e-14 
480 6.686943e+00 3.197442e-14 
520 4.637849e+00 3.552714e-14 
560 6.920691e+00 3.197442e-14 
600 6.629326e+00 3.907985e-14 
640 6.064919e+00 4.973799e-14 
680 6.305981e+00 4.440892e-14 
720 6.541440e+00 4.973799e-14 
760 6.328905e+00 4.973799e-14 
800 5.365273e+00 5.329071e-14 
];
