version = 'MMult_1x4_9';
MY_MMult = [
40 6.095238e+00 2.664535e-15 
80 6.059172e+00 7.105427e-15 
120 6.471910e+00 1.065814e-14 
160 3.289960e+00 1.421085e-14 
200 3.300330e+00 1.421085e-14 
240 4.347170e+00 1.776357e-14 
280 4.791967e+00 1.776357e-14 
320 4.415577e+00 2.842171e-14 
360 4.376530e+00 2.309264e-14 
400 4.014931e+00 2.842171e-14 
440 4.537822e+00 3.197442e-14 
480 3.400215e+00 3.907985e-14 
520 3.171597e+00 3.907985e-14 
560 3.982448e+00 4.618528e-14 
600 3.664122e+00 4.263256e-14 
640 3.261755e+00 4.440892e-14 
680 2.993778e+00 5.329071e-14 
720 4.697455e+00 4.973799e-14 
760 4.209933e+00 4.973799e-14 
800 2.663705e+00 4.973799e-14 
];
