version = 'MMult_1x4_7';
MY_MMult = [
40 6.095238e+00 2.664535e-15 
80 5.251282e+00 7.105427e-15 
120 4.385787e+00 1.065814e-14 
160 3.618375e+00 1.421085e-14 
200 5.445882e+00 1.421085e-14 
240 5.076754e+00 1.776357e-14 
280 5.517657e+00 1.776357e-14 
320 5.240365e+00 2.842171e-14 
360 4.745321e+00 2.309264e-14 
400 4.686585e+00 2.842171e-14 
440 5.116003e+00 3.197442e-14 
480 3.234204e+00 3.907985e-14 
520 4.492125e+00 3.907985e-14 
560 4.834111e+00 4.618528e-14 
600 4.724358e+00 4.263256e-14 
640 4.679305e+00 4.440892e-14 
680 5.272918e+00 5.329071e-14 
720 4.983883e+00 4.973799e-14 
760 3.021700e+00 4.973799e-14 
800 3.836873e+00 4.973799e-14 
];
