version = 'MMult_4x4_8';
MY_MMult = [
40 5.818182e+00 2.664535e-15 
80 5.851429e+00 7.105427e-15 
120 5.349845e+00 1.065814e-14 
160 4.902454e+00 1.421085e-14 
200 4.752005e+00 1.421085e-14 
240 4.094180e+00 1.776357e-14 
280 4.684592e+00 1.776357e-14 
320 4.448547e+00 2.842171e-14 
360 5.377593e+00 2.309264e-14 
400 5.293631e+00 2.842171e-14 
440 5.029462e+00 3.197442e-14 
480 5.256524e+00 3.907985e-14 
520 5.145481e+00 3.907985e-14 
560 5.031977e+00 4.618528e-14 
600 5.061037e+00 4.263256e-14 
640 5.399353e+00 4.440892e-14 
680 5.253009e+00 5.329071e-14 
720 5.071373e+00 4.973799e-14 
760 4.237241e+00 4.973799e-14 
800 5.039370e+00 4.973799e-14 
];
