version = 'MMult_4x4_11';
MY_MMult = [
40 9.142857e+00 2.664535e-15 
80 1.248780e+01 7.105427e-15 
120 7.748879e+00 1.065814e-14 
160 1.021446e+01 1.421085e-14 
200 5.761613e+00 2.131628e-14 
240 9.867238e+00 2.486900e-14 
280 9.866067e+00 2.842171e-14 
320 1.037126e+01 3.552714e-14 
360 1.132015e+01 4.973799e-14 
400 1.037361e+01 4.973799e-14 
440 1.136090e+01 4.973799e-14 
480 9.298524e+00 6.039613e-14 
520 9.972552e+00 6.394885e-14 
560 9.879388e+00 6.750156e-14 
600 1.086683e+01 7.460699e-14 
640 1.084427e+01 8.171241e-14 
680 8.047811e+00 9.237056e-14 
720 1.126752e+01 1.101341e-13 
760 1.054496e+01 1.065814e-13 
800 1.104889e+01 8.881784e-14 
];
