version = 'MMult_4x4_6';
MY_MMult = [
40 3.555556e+00 2.664535e-15 
80 3.820896e+00 7.105427e-15 
120 3.789474e+00 1.065814e-14 
160 3.535606e+00 1.421085e-14 
200 5.055292e+00 1.421085e-14 
240 4.999638e+00 1.776357e-14 
280 5.258594e+00 1.776357e-14 
320 5.162347e+00 2.842171e-14 
360 5.259385e+00 2.309264e-14 
400 5.286853e+00 2.842171e-14 
440 5.234522e+00 3.197442e-14 
480 5.203350e+00 3.907985e-14 
520 5.809528e+00 3.907985e-14 
560 5.405732e+00 4.618528e-14 
600 5.553627e+00 4.263256e-14 
640 5.546202e+00 4.440892e-14 
680 5.502306e+00 5.329071e-14 
720 3.739810e+00 4.973799e-14 
760 5.143788e+00 4.973799e-14 
800 4.484757e+00 4.973799e-14 
];
