version = 'MMult_4x4_12';
MY_MMult = [
40 6.400000e+00 2.664535e-15 
80 7.366906e+00 7.105427e-15 
120 6.484053e+00 1.065814e-14 
160 4.561247e+00 1.421085e-14 
200 6.276971e+00 2.131628e-14 
240 6.773150e+00 2.486900e-14 
280 6.530418e+00 2.842171e-14 
320 6.755592e+00 3.552714e-14 
360 7.029682e+00 4.973799e-14 
400 6.991097e+00 4.973799e-14 
440 6.934549e+00 4.973799e-14 
480 6.920001e+00 6.039613e-14 
520 6.787247e+00 6.394885e-14 
560 6.343134e+00 6.750156e-14 
600 6.779129e+00 7.460699e-14 
640 6.901523e+00 8.171241e-14 
680 6.763797e+00 9.237056e-14 
720 6.360574e+00 1.101341e-13 
760 6.537488e+00 1.065814e-13 
800 6.695699e+00 8.881784e-14 
];
