version = 'MMult_1x4_9';
MY_MMult = [
40 4.571429e+00 3.552714e-15 
80 5.171717e+00 7.105427e-15 
120 5.520767e+00 1.065814e-14 
160 5.347258e+00 1.243450e-14 
200 4.914005e+00 1.421085e-14 
240 5.659775e+00 2.131628e-14 
280 5.388978e+00 1.776357e-14 
320 5.225323e+00 2.842171e-14 
360 5.236951e+00 2.486900e-14 
400 5.158378e+00 2.842171e-14 
440 5.008467e+00 3.019807e-14 
480 5.190894e+00 3.197442e-14 
520 3.681753e+00 3.552714e-14 
560 5.156759e+00 3.197442e-14 
600 5.109524e+00 3.907985e-14 
640 4.931087e+00 4.973799e-14 
680 4.699960e+00 4.440892e-14 
720 4.785353e+00 4.973799e-14 
760 4.427103e+00 4.973799e-14 
800 3.958222e+00 5.329071e-14 
];
