version = 'MMult_1x4_5';
MY_MMult = [
40 2.285714e+00 0.000000e+00 
80 2.730667e+00 0.000000e+00 
120 2.762590e+00 0.000000e+00 
160 2.019724e+00 0.000000e+00 
200 2.431241e+00 0.000000e+00 
240 2.443698e+00 0.000000e+00 
280 2.350070e+00 0.000000e+00 
320 2.193307e+00 0.000000e+00 
360 2.237054e+00 0.000000e+00 
400 1.921691e+00 0.000000e+00 
440 2.129786e+00 0.000000e+00 
480 2.280976e+00 0.000000e+00 
520 2.411532e+00 0.000000e+00 
560 2.420237e+00 0.000000e+00 
600 2.385409e+00 0.000000e+00 
640 2.336805e+00 0.000000e+00 
680 2.337784e+00 0.000000e+00 
720 2.349533e+00 0.000000e+00 
760 2.488583e+00 0.000000e+00 
800 2.416958e+00 0.000000e+00 
];
