version = 'MMult_1x4_8';
MY_MMult = [
40 4.740741e+00 3.552714e-15 
80 4.785047e+00 7.105427e-15 
120 5.693575e+00 1.065814e-14 
160 4.737999e+00 1.243450e-14 
200 5.835157e+00 1.421085e-14 
240 5.279358e+00 2.131628e-14 
280 5.306261e+00 1.776357e-14 
320 5.128013e+00 2.842171e-14 
360 5.236658e+00 2.486900e-14 
400 5.045926e+00 2.842171e-14 
440 5.108333e+00 3.019807e-14 
480 5.215620e+00 3.197442e-14 
520 3.679441e+00 3.552714e-14 
560 4.892356e+00 3.197442e-14 
600 5.098428e+00 3.907985e-14 
640 4.469176e+00 4.973799e-14 
680 4.707453e+00 4.440892e-14 
720 3.916394e+00 4.973799e-14 
760 3.863205e+00 4.973799e-14 
800 3.291789e+00 5.329071e-14 
];
