version = 'MMult2';
MY_MMult = [
40 1.523810e+00 0.000000e+00 
80 1.542169e+00 0.000000e+00 
120 1.466893e+00 0.000000e+00 
160 1.485673e+00 0.000000e+00 
200 1.509719e+00 0.000000e+00 
240 1.493034e+00 0.000000e+00 
280 1.455462e+00 0.000000e+00 
320 1.459437e+00 0.000000e+00 
360 1.445891e+00 0.000000e+00 
400 1.446818e+00 0.000000e+00 
440 1.321317e+00 0.000000e+00 
480 1.454603e+00 0.000000e+00 
520 1.384203e+00 0.000000e+00 
560 1.424131e+00 0.000000e+00 
600 1.359375e+00 0.000000e+00 
640 1.412277e+00 0.000000e+00 
680 1.302328e+00 0.000000e+00 
720 1.412916e+00 0.000000e+00 
760 1.397410e+00 0.000000e+00 
800 1.272070e+00 0.000000e+00 
];
