version = 'MMult_4x4_13';
MY_MMult = [
40 1.163636e+01 2.664535e-15 
80 1.233735e+01 7.105427e-15 
120 1.314068e+01 1.065814e-14 
160 1.266151e+01 1.421085e-14 
200 1.250000e+01 2.131628e-14 
240 1.212632e+01 2.486900e-14 
280 1.219894e+01 2.842171e-14 
320 1.244985e+01 3.552714e-14 
360 1.170056e+01 4.973799e-14 
400 1.239109e+01 4.973799e-14 
440 1.224876e+01 4.973799e-14 
480 1.029337e+01 6.039613e-14 
520 1.197428e+01 6.394885e-14 
560 1.180493e+01 6.750156e-14 
600 1.209102e+01 7.460699e-14 
640 1.252929e+01 8.171241e-14 
680 1.125967e+01 9.237056e-14 
720 1.225612e+01 1.101341e-13 
760 1.208169e+01 1.065814e-13 
800 1.237881e+01 8.881784e-14 
];
