version = 'MMult_4x4_6';
MY_MMult = [
40 5.333333e+00 2.664535e-15 
80 4.511013e+00 7.105427e-15 
120 5.494436e+00 1.065814e-14 
160 2.986511e+00 1.421085e-14 
200 5.007825e+00 1.421085e-14 
240 4.827658e+00 1.776357e-14 
280 4.816676e+00 1.776357e-14 
320 4.963720e+00 2.842171e-14 
360 4.901355e+00 2.309264e-14 
400 4.895774e+00 2.842171e-14 
440 5.466470e+00 3.197442e-14 
480 5.320632e+00 3.907985e-14 
520 5.159643e+00 3.907985e-14 
560 5.247124e+00 4.618528e-14 
600 5.280334e+00 4.263256e-14 
640 5.127160e+00 4.440892e-14 
680 5.168986e+00 5.329071e-14 
720 3.755955e+00 4.973799e-14 
760 4.865779e+00 4.973799e-14 
800 3.735250e+00 4.973799e-14 
];
