version = 'MMult_4x4_4';
MY_MMult = [
40 1.422222e+00 0.000000e+00 
80 1.442254e+00 0.000000e+00 
120 1.832450e+00 0.000000e+00 
160 2.132778e+00 0.000000e+00 
200 2.122579e+00 0.000000e+00 
240 2.056378e+00 0.000000e+00 
280 2.045281e+00 0.000000e+00 
320 2.182569e+00 0.000000e+00 
360 2.164861e+00 0.000000e+00 
400 2.149490e+00 0.000000e+00 
440 2.163348e+00 0.000000e+00 
480 1.955183e+00 0.000000e+00 
520 2.134791e+00 0.000000e+00 
560 2.115473e+00 0.000000e+00 
600 2.051224e+00 0.000000e+00 
640 2.001443e+00 0.000000e+00 
680 2.097836e+00 0.000000e+00 
720 2.084008e+00 0.000000e+00 
760 1.862736e+00 0.000000e+00 
800 1.977899e+00 0.000000e+00 
];
