version = 'MMult1';
MY_MMult = [
40 1.254902e+00 0.000000e+00 
80 2.178723e+00 0.000000e+00 
120 2.209719e+00 0.000000e+00 
160 1.639712e+00 0.000000e+00 
200 2.085506e+00 0.000000e+00 
240 2.037586e+00 0.000000e+00 
280 2.132401e+00 0.000000e+00 
320 2.111476e+00 0.000000e+00 
360 2.096286e+00 0.000000e+00 
400 2.103983e+00 0.000000e+00 
440 2.113957e+00 0.000000e+00 
480 1.979629e+00 0.000000e+00 
520 2.005763e+00 0.000000e+00 
560 2.021374e+00 0.000000e+00 
600 2.009658e+00 0.000000e+00 
640 1.676343e+00 0.000000e+00 
680 2.020914e+00 0.000000e+00 
720 1.898080e+00 0.000000e+00 
760 1.702441e+00 0.000000e+00 
800 1.597212e+00 0.000000e+00 
];
