version = 'MMult_1x4_9';
MY_MMult = [
40 4.923077e+00 2.664535e-15 
80 2.994152e+00 7.105427e-15 
120 4.676590e+00 1.065814e-14 
160 5.512786e+00 1.421085e-14 
200 5.383580e+00 1.421085e-14 
240 5.275329e+00 1.776357e-14 
280 5.156683e+00 1.776357e-14 
320 4.652563e+00 2.842171e-14 
360 4.719162e+00 2.309264e-14 
400 4.256876e+00 2.842171e-14 
440 3.984844e+00 3.197442e-14 
480 4.585170e+00 3.907985e-14 
520 4.121951e+00 3.907985e-14 
560 4.552940e+00 4.618528e-14 
600 4.504739e+00 4.263256e-14 
640 4.199276e+00 4.440892e-14 
680 3.945170e+00 5.329071e-14 
720 4.341178e+00 4.973799e-14 
760 4.009920e+00 4.973799e-14 
800 3.353254e+00 4.973799e-14 
];
