version = 'MMult_4x4_14';
MY_MMult = [
40 8.000000e+00 2.664535e-15 
80 1.113043e+01 7.105427e-15 
120 1.212632e+01 1.065814e-14 
160 1.220864e+01 1.421085e-14 
200 1.046436e+01 2.131628e-14 
240 1.247653e+01 2.486900e-14 
280 1.183715e+01 2.842171e-14 
320 1.195912e+01 3.552714e-14 
360 1.221361e+01 4.973799e-14 
400 1.229469e+01 4.973799e-14 
440 1.247477e+01 4.973799e-14 
480 1.203395e+01 6.039613e-14 
520 1.222041e+01 6.394885e-14 
560 1.147217e+01 6.750156e-14 
600 1.238106e+01 7.460699e-14 
640 1.241565e+01 8.171241e-14 
680 1.231401e+01 9.237056e-14 
720 1.220822e+01 1.101341e-13 
760 1.228214e+01 1.065814e-13 
800 1.227626e+01 8.881784e-14 
];
