version = 'MMult_4x4_14';
MY_MMult = [
40 6.400000e+00 2.664535e-15 
80 7.211268e+00 7.105427e-15 
120 1.187629e+01 1.065814e-14 
160 1.155430e+01 1.421085e-14 
200 1.352494e+01 2.131628e-14 
240 1.329870e+01 2.486900e-14 
280 1.269636e+01 2.842171e-14 
320 1.367898e+01 3.552714e-14 
360 1.361225e+01 4.973799e-14 
400 1.244773e+01 4.973799e-14 
440 1.278847e+01 4.973799e-14 
480 1.265717e+01 6.039613e-14 
520 1.300361e+01 6.394885e-14 
560 1.302451e+01 6.750156e-14 
600 1.319930e+01 7.460699e-14 
640 1.338733e+01 8.171241e-14 
680 1.334488e+01 9.237056e-14 
720 1.337303e+01 1.101341e-13 
760 1.349470e+01 1.065814e-13 
800 1.266480e+01 8.881784e-14 
];
