version = 'MMult_4x4_7';
MY_MMult = [
40 5.120000e+00 3.552714e-15 
80 5.019608e+00 7.105427e-15 
120 6.073814e+00 1.065814e-14 
160 4.890746e+00 1.243450e-14 
200 7.312614e+00 1.421085e-14 
240 7.004814e+00 2.131628e-14 
280 5.825129e+00 1.776357e-14 
320 6.511277e+00 2.842171e-14 
360 7.160221e+00 2.486900e-14 
400 7.139670e+00 2.842171e-14 
440 7.041746e+00 3.019807e-14 
480 5.504965e+00 3.197442e-14 
520 5.837263e+00 3.552714e-14 
560 6.887307e+00 3.197442e-14 
600 6.857034e+00 3.907985e-14 
640 7.175736e+00 4.973799e-14 
680 6.308638e+00 4.440892e-14 
720 6.974903e+00 4.973799e-14 
760 6.427174e+00 4.973799e-14 
800 5.247541e+00 5.329071e-14 
];
