version = 'MMult_1x4_8';
MY_MMult = [
40 6.400000e+00 2.664535e-15 
80 5.818182e+00 7.105427e-15 
120 6.295082e+00 1.065814e-14 
160 2.657152e+00 1.421085e-14 
200 5.833030e+00 1.421085e-14 
240 4.899522e+00 1.776357e-14 
280 4.999886e+00 1.776357e-14 
320 4.735260e+00 2.842171e-14 
360 4.680343e+00 2.309264e-14 
400 4.418364e+00 2.842171e-14 
440 4.331537e+00 3.197442e-14 
480 4.647406e+00 3.907985e-14 
520 3.625740e+00 3.907985e-14 
560 4.610614e+00 4.618528e-14 
600 4.575302e+00 4.263256e-14 
640 3.760467e+00 4.440892e-14 
680 4.447066e+00 5.329071e-14 
720 4.351757e+00 4.973799e-14 
760 3.351742e+00 4.973799e-14 
800 3.797628e+00 4.973799e-14 
];
