version = 'MMult_4x4_5';
MY_MMult = [
40 1.828571e+00 0.000000e+00 
80 1.741497e+00 0.000000e+00 
120 1.938306e+00 0.000000e+00 
160 2.632391e+00 0.000000e+00 
200 2.762908e+00 0.000000e+00 
240 2.482313e+00 0.000000e+00 
280 2.530052e+00 0.000000e+00 
320 2.571148e+00 0.000000e+00 
360 2.568032e+00 0.000000e+00 
400 2.593613e+00 0.000000e+00 
440 2.794246e+00 0.000000e+00 
480 2.719654e+00 0.000000e+00 
520 2.398247e+00 0.000000e+00 
560 2.722222e+00 0.000000e+00 
600 2.511000e+00 0.000000e+00 
640 2.702181e+00 0.000000e+00 
680 2.546946e+00 0.000000e+00 
720 2.668650e+00 0.000000e+00 
760 2.118068e+00 0.000000e+00 
800 2.718264e+00 0.000000e+00 
];
