version = 'MMult_1x4_7';
MY_MMult = [
40 4.571429e+00 3.552714e-15 
80 5.626374e+00 7.105427e-15 
120 5.165919e+00 1.065814e-14 
160 4.628249e+00 1.243450e-14 
200 5.561349e+00 1.421085e-14 
240 5.490071e+00 2.131628e-14 
280 5.396927e+00 1.776357e-14 
320 5.487858e+00 2.842171e-14 
360 5.114107e+00 2.486900e-14 
400 5.150491e+00 2.842171e-14 
440 5.164075e+00 3.019807e-14 
480 5.134858e+00 3.197442e-14 
520 3.282243e+00 3.552714e-14 
560 5.156078e+00 3.197442e-14 
600 5.075904e+00 3.907985e-14 
640 4.987187e+00 4.973799e-14 
680 4.784055e+00 4.440892e-14 
720 4.789345e+00 4.973799e-14 
760 4.560647e+00 4.973799e-14 
800 4.232209e+00 5.329071e-14 
];
