version = 'MMult_4x4_14';
MY_MMult = [
40 1.422222e+01 3.552714e-15 
80 1.735593e+01 7.105427e-15 
120 1.745455e+01 1.065814e-14 
160 1.417301e+01 1.243450e-14 
200 1.862631e+01 1.953993e-14 
240 1.772308e+01 2.486900e-14 
280 1.775334e+01 2.842171e-14 
320 1.825007e+01 3.552714e-14 
360 1.793772e+01 4.618528e-14 
400 1.750308e+01 4.618528e-14 
440 1.743609e+01 5.684342e-14 
480 1.788212e+01 5.329071e-14 
520 1.735473e+01 6.394885e-14 
560 1.481491e+01 7.105427e-14 
600 1.702262e+01 7.460699e-14 
640 1.720895e+01 7.105427e-14 
680 1.700736e+01 9.237056e-14 
720 1.713050e+01 1.207923e-13 
760 1.721643e+01 9.947598e-14 
800 1.689462e+01 1.101341e-13 
];
