version = 'MMult_4x4_15';
MY_MMult = [
40 6.736842e+00 2.664535e-15 
80 1.113043e+01 7.105427e-15 
120 1.114839e+01 1.065814e-14 
160 1.012608e+01 1.421085e-14 
200 9.080590e+00 2.131628e-14 
240 1.290756e+01 2.486900e-14 
280 1.309395e+01 2.842171e-14 
320 1.311507e+01 3.552714e-14 
360 1.333981e+01 4.973799e-14 
400 1.343832e+01 4.973799e-14 
440 1.330688e+01 4.973799e-14 
480 1.333558e+01 6.039613e-14 
520 1.311214e+01 6.394885e-14 
560 1.341041e+01 6.750156e-14 
600 1.363378e+01 7.460699e-14 
640 1.314961e+01 8.171241e-14 
680 1.371030e+01 9.237056e-14 
720 1.365308e+01 1.101341e-13 
760 1.360512e+01 1.065814e-13 
800 1.312871e+01 8.881784e-14 
];
