version = 'MMult2';
MY_MMult = [
40 1.620253e+00 0.000000e+00 
80 1.656958e+00 0.000000e+00 
120 2.109890e+00 0.000000e+00 
160 1.793345e+00 0.000000e+00 
200 1.892595e+00 0.000000e+00 
240 2.036835e+00 0.000000e+00 
280 2.007224e+00 0.000000e+00 
320 2.045954e+00 0.000000e+00 
360 1.975484e+00 0.000000e+00 
400 2.014860e+00 0.000000e+00 
440 1.998874e+00 0.000000e+00 
480 1.916490e+00 0.000000e+00 
520 1.840154e+00 0.000000e+00 
560 1.849592e+00 0.000000e+00 
600 1.956876e+00 0.000000e+00 
640 1.736571e+00 0.000000e+00 
680 1.962845e+00 0.000000e+00 
720 1.954188e+00 0.000000e+00 
760 1.748240e+00 0.000000e+00 
800 1.900820e+00 0.000000e+00 
];
