version = 'MMult_4x4_15';
MY_MMult = [
40 1.280000e+01 3.552714e-15 
80 1.735593e+01 7.105427e-15 
120 1.838298e+01 1.065814e-14 
160 1.788646e+01 1.243450e-14 
200 1.492537e+01 1.953993e-14 
240 1.888525e+01 2.486900e-14 
280 1.802299e+01 2.842171e-14 
320 1.815402e+01 3.552714e-14 
360 1.800695e+01 4.618528e-14 
400 1.567283e+01 4.618528e-14 
440 1.799599e+01 5.684342e-14 
480 1.815066e+01 5.329071e-14 
520 1.795416e+01 6.394885e-14 
560 1.540491e+01 7.105427e-14 
600 1.750405e+01 7.460699e-14 
640 1.776525e+01 7.105427e-14 
680 1.734845e+01 9.237056e-14 
720 1.747702e+01 1.207923e-13 
760 1.745605e+01 9.947598e-14 
800 1.707606e+01 1.101341e-13 
];
