version = 'MMult_4x4_9';
MY_MMult = [
40 4.571429e+00 2.664535e-15 
80 2.934097e+00 7.105427e-15 
120 4.358134e+00 1.065814e-14 
160 3.549393e+00 1.421085e-14 
200 4.723944e+00 1.421085e-14 
240 4.747253e+00 1.776357e-14 
280 4.524786e+00 1.776357e-14 
320 4.813515e+00 2.842171e-14 
360 5.400625e+00 2.309264e-14 
400 5.130261e+00 2.842171e-14 
440 5.171129e+00 3.197442e-14 
480 4.788154e+00 3.907985e-14 
520 4.516510e+00 3.907985e-14 
560 4.868553e+00 4.618528e-14 
600 5.230151e+00 4.263256e-14 
640 5.115204e+00 4.440892e-14 
680 5.294671e+00 5.329071e-14 
720 4.862628e+00 4.973799e-14 
760 4.887912e+00 4.973799e-14 
800 4.877212e+00 4.973799e-14 
];
