version = 'MMult_1x4_6';
MY_MMult = [
40 4.266667e+00 3.552714e-15 
80 5.171717e+00 7.105427e-15 
120 4.937143e+00 1.065814e-14 
160 5.461333e+00 1.243450e-14 
200 3.912937e+00 1.421085e-14 
240 3.797281e+00 2.131628e-14 
280 4.516872e+00 1.776357e-14 
320 4.493076e+00 2.842171e-14 
360 4.213873e+00 2.486900e-14 
400 4.447224e+00 2.842171e-14 
440 4.460012e+00 3.019807e-14 
480 4.262309e+00 3.197442e-14 
520 4.469919e+00 3.552714e-14 
560 2.930621e+00 3.197442e-14 
600 3.262076e+00 3.907985e-14 
640 2.963636e+00 4.973799e-14 
680 4.601399e+00 4.440892e-14 
720 4.194858e+00 4.973799e-14 
760 3.904421e+00 4.973799e-14 
800 3.936675e+00 5.329071e-14 
];
