version = 'MMult_4x4_13';
MY_MMult = [
40 6.400000e+00 2.664535e-15 
80 1.125275e+01 7.105427e-15 
120 1.191724e+01 1.065814e-14 
160 9.132664e+00 1.421085e-14 
200 9.750152e+00 2.131628e-14 
240 1.401318e+01 2.486900e-14 
280 1.345510e+01 2.842171e-14 
320 1.381450e+01 3.552714e-14 
360 1.329420e+01 4.973799e-14 
400 1.330976e+01 4.973799e-14 
440 1.351269e+01 4.973799e-14 
480 1.326998e+01 6.039613e-14 
520 1.348564e+01 6.394885e-14 
560 1.277486e+01 6.750156e-14 
600 1.357722e+01 7.460699e-14 
640 1.341679e+01 8.171241e-14 
680 1.355018e+01 9.237056e-14 
720 1.290846e+01 1.101341e-13 
760 1.331360e+01 1.065814e-13 
800 1.351779e+01 8.881784e-14 
];
