version = 'MMult_4x4_10';
MY_MMult = [
40 6.400000e+00 2.664535e-15 
80 5.417989e+00 7.105427e-15 
120 1.007580e+01 1.065814e-14 
160 1.044898e+01 1.421085e-14 
200 1.088435e+01 1.421085e-14 
240 1.035118e+01 1.776357e-14 
280 6.681479e+00 1.776357e-14 
320 9.886257e+00 2.842171e-14 
360 1.073662e+01 2.309264e-14 
400 1.107458e+01 2.842171e-14 
440 1.086600e+01 3.197442e-14 
480 1.066718e+01 3.907985e-14 
520 1.007979e+01 3.907985e-14 
560 9.155727e+00 4.618528e-14 
600 1.119751e+01 4.263256e-14 
640 1.065042e+01 4.440892e-14 
680 1.018304e+01 5.329071e-14 
720 8.376678e+00 4.973799e-14 
760 5.645304e+00 4.973799e-14 
800 5.593458e+00 4.973799e-14 
];
