version = 'MMult_4x4_11';
MY_MMult = [
40 9.846154e+00 2.664535e-15 
80 1.204706e+01 7.105427e-15 
120 1.187629e+01 1.065814e-14 
160 1.157062e+01 1.421085e-14 
200 1.164483e+01 2.131628e-14 
240 1.094970e+01 2.486900e-14 
280 1.184993e+01 2.842171e-14 
320 1.151978e+01 3.552714e-14 
360 1.184914e+01 4.973799e-14 
400 1.103258e+01 4.973799e-14 
440 1.068741e+01 4.973799e-14 
480 1.180845e+01 6.039613e-14 
520 1.156268e+01 6.394885e-14 
560 1.168126e+01 6.750156e-14 
600 1.186357e+01 7.460699e-14 
640 1.148948e+01 8.171241e-14 
680 1.180433e+01 9.237056e-14 
720 1.167148e+01 1.101341e-13 
760 1.155018e+01 1.065814e-13 
800 1.199302e+01 8.881784e-14 
];
