version = 'MMult_4x4_8';
MY_MMult = [
40 6.736842e+00 3.552714e-15 
80 6.168675e+00 7.105427e-15 
120 5.529600e+00 1.065814e-14 
160 5.645762e+00 1.243450e-14 
200 3.931204e+00 1.421085e-14 
240 6.628626e+00 2.131628e-14 
280 6.602105e+00 1.776357e-14 
320 7.523361e+00 2.842171e-14 
360 7.264461e+00 2.486900e-14 
400 7.281830e+00 2.842171e-14 
440 4.179169e+00 3.019807e-14 
480 6.916539e+00 3.197442e-14 
520 6.258841e+00 3.552714e-14 
560 7.298176e+00 3.197442e-14 
600 7.234969e+00 3.907985e-14 
640 7.153707e+00 4.973799e-14 
680 6.879221e+00 4.440892e-14 
720 6.889418e+00 4.973799e-14 
760 6.191874e+00 4.973799e-14 
800 6.036917e+00 5.329071e-14 
];
