version = 'MMult_4x4_12';
MY_MMult = [
40 8.000000e+00 3.552714e-15 
80 8.258065e+00 7.105427e-15 
120 8.554455e+00 1.065814e-14 
160 8.283114e+00 1.243450e-14 
200 8.421053e+00 1.953993e-14 
240 7.986135e+00 2.486900e-14 
280 8.118343e+00 2.842171e-14 
320 8.322032e+00 3.552714e-14 
360 8.227120e+00 4.618528e-14 
400 8.140422e+00 4.618528e-14 
440 8.244677e+00 5.684342e-14 
480 8.079781e+00 5.329071e-14 
520 5.779797e+00 6.394885e-14 
560 7.925089e+00 7.105427e-14 
600 7.914552e+00 7.460699e-14 
640 7.654398e+00 7.105427e-14 
680 7.936494e+00 9.237056e-14 
720 7.640931e+00 1.207923e-13 
760 6.766542e+00 9.947598e-14 
800 7.931406e+00 1.101341e-13 
];
