version = 'MMult_1x4_6';
MY_MMult = [
40 4.740741e+00 2.664535e-15 
80 5.785311e+00 7.105427e-15 
120 6.215827e+00 1.065814e-14 
160 5.268167e+00 1.421085e-14 
200 4.443210e+00 1.421085e-14 
240 5.433962e+00 1.776357e-14 
280 5.289001e+00 1.776357e-14 
320 5.000076e+00 2.842171e-14 
360 5.072683e+00 2.309264e-14 
400 4.835298e+00 2.842171e-14 
440 4.586443e+00 3.197442e-14 
480 4.658369e+00 3.907985e-14 
520 1.534636e+00 3.907985e-14 
560 2.212415e+00 4.618528e-14 
600 2.169492e+00 4.263256e-14 
640 3.410159e+00 4.440892e-14 
680 2.738215e+00 5.329071e-14 
720 3.415957e+00 4.973799e-14 
760 2.618899e+00 4.973799e-14 
800 4.032766e+00 4.973799e-14 
];
