version = 'MMult_4x4_3';
MY_MMult = [
40 1.454545e+00 0.000000e+00 
80 1.347368e+00 0.000000e+00 
120 1.253536e+00 0.000000e+00 
160 1.557118e+00 0.000000e+00 
200 1.491702e+00 0.000000e+00 
240 1.467672e+00 0.000000e+00 
280 1.446018e+00 0.000000e+00 
320 1.420804e+00 0.000000e+00 
360 1.403357e+00 0.000000e+00 
400 1.449259e+00 0.000000e+00 
440 1.099411e+00 0.000000e+00 
480 1.418028e+00 0.000000e+00 
520 1.394139e+00 0.000000e+00 
560 1.362019e+00 0.000000e+00 
600 1.394799e+00 0.000000e+00 
640 1.379778e+00 0.000000e+00 
680 1.393706e+00 0.000000e+00 
720 1.382257e+00 0.000000e+00 
760 1.310822e+00 0.000000e+00 
800 1.285221e+00 0.000000e+00 
];
