version = 'MMult0';
MY_MMult = [
40 2.064516e+00 0.000000e+00 
80 1.774697e+00 0.000000e+00 
120 1.241825e+00 0.000000e+00 
160 1.447094e+00 0.000000e+00 
200 1.475742e+00 0.000000e+00 
240 1.952542e+00 0.000000e+00 
280 1.967113e+00 0.000000e+00 
320 2.005447e+00 0.000000e+00 
360 1.959801e+00 0.000000e+00 
400 1.960844e+00 0.000000e+00 
440 2.022460e+00 0.000000e+00 
480 1.566237e+00 0.000000e+00 
520 1.872227e+00 0.000000e+00 
560 1.867610e+00 0.000000e+00 
600 1.917801e+00 0.000000e+00 
640 1.841888e+00 0.000000e+00 
680 1.865484e+00 0.000000e+00 
720 1.812852e+00 0.000000e+00 
760 1.749117e+00 0.000000e+00 
800 1.771770e+00 0.000000e+00 
];
