version = 'MMult_1x4_6';
MY_MMult = [
40 5.818182e+00 2.664535e-15 
80 4.675799e+00 7.105427e-15 
120 2.526316e+00 1.065814e-14 
160 4.496158e+00 1.421085e-14 
200 4.875076e+00 1.421085e-14 
240 4.561623e+00 1.776357e-14 
280 4.954746e+00 1.776357e-14 
320 4.644649e+00 2.842171e-14 
360 4.491552e+00 2.309264e-14 
400 4.111393e+00 2.842171e-14 
440 4.061700e+00 3.197442e-14 
480 4.689579e+00 3.907985e-14 
520 3.244114e+00 3.907985e-14 
560 4.546457e+00 4.618528e-14 
600 4.613216e+00 4.263256e-14 
640 4.150212e+00 4.440892e-14 
680 4.015940e+00 5.329071e-14 
720 4.573305e+00 4.973799e-14 
760 4.203563e+00 4.973799e-14 
800 3.773362e+00 4.973799e-14 
];
