version = 'MMult_4x4_9';
MY_MMult = [
40 7.111111e+00 3.552714e-15 
80 7.937984e+00 7.105427e-15 
120 5.067449e+00 1.065814e-14 
160 6.832360e+00 1.243450e-14 
200 6.996065e+00 1.421085e-14 
240 6.848650e+00 2.131628e-14 
280 6.479339e+00 1.776357e-14 
320 6.484860e+00 2.842171e-14 
360 6.499861e+00 2.486900e-14 
400 6.386907e+00 2.842171e-14 
440 6.022199e+00 3.019807e-14 
480 6.855868e+00 3.197442e-14 
520 4.508473e+00 3.552714e-14 
560 6.706612e+00 3.197442e-14 
600 6.724468e+00 3.907985e-14 
640 6.561556e+00 4.973799e-14 
680 4.950477e+00 4.440892e-14 
720 6.263601e+00 4.973799e-14 
760 6.282754e+00 4.973799e-14 
800 5.800484e+00 5.329071e-14 
];
