version = 'MMult_4x4_9';
MY_MMult = [
40 3.200000e+00 2.664535e-15 
80 5.953488e+00 7.105427e-15 
120 3.878788e+00 1.065814e-14 
160 4.801876e+00 1.421085e-14 
200 4.612280e+00 1.421085e-14 
240 5.265283e+00 1.776357e-14 
280 5.173088e+00 1.776357e-14 
320 5.221160e+00 2.842171e-14 
360 5.949882e+00 2.309264e-14 
400 5.841548e+00 2.842171e-14 
440 5.772838e+00 3.197442e-14 
480 5.632821e+00 3.907985e-14 
520 5.161442e+00 3.907985e-14 
560 5.511510e+00 4.618528e-14 
600 5.553127e+00 4.263256e-14 
640 5.966633e+00 4.440892e-14 
680 5.800312e+00 5.329071e-14 
720 5.602474e+00 4.973799e-14 
760 5.015522e+00 4.973799e-14 
800 5.258293e+00 4.973799e-14 
];
