version = 'MMult_4x4_12';
MY_MMult = [
40 4.923077e+00 2.664535e-15 
80 3.835206e+00 7.105427e-15 
120 5.637847e+00 1.065814e-14 
160 5.316029e+00 1.421085e-14 
200 6.884682e+00 2.131628e-14 
240 7.460335e+00 2.486900e-14 
280 6.537225e+00 2.842171e-14 
320 7.513012e+00 3.552714e-14 
360 7.411008e+00 4.973799e-14 
400 6.792253e+00 4.973799e-14 
440 7.197938e+00 4.973799e-14 
480 7.182465e+00 6.039613e-14 
520 6.489051e+00 6.394885e-14 
560 6.974840e+00 6.750156e-14 
600 6.028720e+00 7.460699e-14 
640 7.244849e+00 8.171241e-14 
680 7.241390e+00 9.237056e-14 
720 7.118095e+00 1.101341e-13 
760 7.064136e+00 1.065814e-13 
800 7.235982e+00 8.881784e-14 
];
