version = 'MMult_4x4_10';
MY_MMult = [
40 7.529412e+00 2.664535e-15 
80 8.192000e+00 7.105427e-15 
120 1.083386e+01 1.065814e-14 
160 1.038276e+01 1.421085e-14 
200 7.095344e+00 1.421085e-14 
240 9.365854e+00 1.776357e-14 
280 9.439690e+00 1.776357e-14 
320 9.358275e+00 2.842171e-14 
360 9.583239e+00 2.309264e-14 
400 9.154627e+00 2.842171e-14 
440 9.391841e+00 3.197442e-14 
480 9.033818e+00 3.907985e-14 
520 9.116774e+00 3.907985e-14 
560 5.554305e+00 4.618528e-14 
600 9.402137e+00 4.263256e-14 
640 9.184661e+00 4.440892e-14 
680 7.587096e+00 5.329071e-14 
720 5.942162e+00 4.973799e-14 
760 5.975471e+00 4.973799e-14 
800 5.656271e+00 4.973799e-14 
];
