version = 'MMult_4x4_11';
MY_MMult = [
40 1.066667e+01 3.552714e-15 
80 1.462857e+01 7.105427e-15 
120 1.529204e+01 1.065814e-14 
160 1.675256e+01 1.243450e-14 
200 1.220442e+01 1.953993e-14 
240 1.550645e+01 2.486900e-14 
280 1.543741e+01 2.842171e-14 
320 1.614187e+01 3.552714e-14 
360 1.582096e+01 4.618528e-14 
400 1.662986e+01 4.618528e-14 
440 1.623171e+01 5.684342e-14 
480 1.630549e+01 5.329071e-14 
520 1.492337e+01 6.394885e-14 
560 1.457455e+01 7.105427e-14 
600 1.577794e+01 7.460699e-14 
640 1.630198e+01 7.105427e-14 
680 1.617241e+01 9.237056e-14 
720 1.456237e+01 1.207923e-13 
760 1.485763e+01 9.947598e-14 
800 1.548535e+01 1.101341e-13 
];
