version = 'MMult_1x4_4';
MY_MMult = [
40 1.802817e+00 0.000000e+00 
80 1.347368e+00 0.000000e+00 
120 1.837321e+00 0.000000e+00 
160 2.046465e+00 0.000000e+00 
200 2.080083e+00 0.000000e+00 
240 2.110212e+00 0.000000e+00 
280 2.134370e+00 0.000000e+00 
320 2.153735e+00 0.000000e+00 
360 2.070471e+00 0.000000e+00 
400 2.143515e+00 0.000000e+00 
440 2.036214e+00 0.000000e+00 
480 1.386186e+00 0.000000e+00 
520 2.138557e+00 0.000000e+00 
560 1.843738e+00 0.000000e+00 
600 1.844648e+00 0.000000e+00 
640 1.730975e+00 0.000000e+00 
680 1.630115e+00 0.000000e+00 
720 1.522225e+00 0.000000e+00 
760 1.961303e+00 0.000000e+00 
800 1.801234e+00 0.000000e+00 
];
