version = 'MMult_4x4_10';
MY_MMult = [
40 1.600000e+01 3.552714e-15 
80 1.706667e+01 7.105427e-15 
120 1.600000e+01 1.065814e-14 
160 1.635130e+01 1.243450e-14 
200 1.394943e+01 1.421085e-14 
240 1.516621e+01 2.131628e-14 
280 1.467870e+01 1.776357e-14 
320 1.428733e+01 2.842171e-14 
360 1.472030e+01 2.486900e-14 
400 1.435138e+01 2.842171e-14 
440 1.313656e+01 3.019807e-14 
480 1.384477e+01 3.197442e-14 
520 1.366785e+01 3.552714e-14 
560 1.309834e+01 3.197442e-14 
600 1.343576e+01 3.907985e-14 
640 1.344673e+01 4.973799e-14 
680 1.275328e+01 4.440892e-14 
720 1.147114e+01 4.973799e-14 
760 9.913305e+00 4.973799e-14 
800 7.577776e+00 5.329071e-14 
];
