version = 'MMult_4x4_13';
MY_MMult = [
40 1.280000e+01 3.552714e-15 
80 1.796491e+01 7.105427e-15 
120 1.888525e+01 1.065814e-14 
160 1.068057e+01 1.243450e-14 
200 1.897983e+01 1.953993e-14 
240 1.897598e+01 2.486900e-14 
280 1.800820e+01 2.842171e-14 
320 1.826533e+01 3.552714e-14 
360 1.841563e+01 4.618528e-14 
400 1.824661e+01 4.618528e-14 
440 1.547815e+01 5.684342e-14 
480 1.781156e+01 5.329071e-14 
520 1.806372e+01 6.394885e-14 
560 1.725362e+01 7.105427e-14 
600 1.714966e+01 7.460699e-14 
640 1.764388e+01 7.105427e-14 
680 1.509841e+01 9.237056e-14 
720 1.673570e+01 1.207923e-13 
760 1.739208e+01 9.947598e-14 
800 1.690076e+01 1.101341e-13 
];
