version = 'LU_decompose_6';
LU_decompose = [
40 1.902727e+00 -5.550796e+11
80 2.167436e+00 -6.118016e+13
120 2.792146e+00 -5.510231e+12
160 2.804788e+00 -6.039664e+11
200 2.859688e+00 -7.996296e+13
240 2.882698e+00 8.627766e+12
280 2.911514e+00 1.160183e+13
320 2.936416e+00 -6.331663e+12
360 2.812790e+00 -1.676153e+13
400 2.822174e+00 -1.088753e+14
440 2.892325e+00 -6.488187e+13
480 2.685420e+00 4.291345e+12
520 2.806025e+00 1.151814e+13
560 2.822870e+00 -1.127690e+14
600 2.810904e+00 -5.709569e+13
640 2.841017e+00 -2.327214e+14
680 2.806950e+00 -8.411187e+13
720 2.824946e+00 2.694110e+14
760 2.803595e+00 -1.996700e+14
800 2.794434e+00 8.805543e+14
840 2.804136e+00 -1.653944e+14
880 2.716078e+00 8.679263e+14
920 2.677890e+00 -5.040451e+12
960 2.471341e+00 -2.266519e+14
1000 2.544631e+00 -8.896768e+13
];
