version = 'LU_decompose_1';
LU_decompose = [
40 2.790667e+00 -5.550796e+11
80 3.018929e+00 -6.118016e+13
120 3.145000e+00 -5.510231e+12
160 2.717840e+00 -6.039664e+11
200 3.403780e+00 -7.996296e+13
240 3.250941e+00 8.627766e+12
280 3.111366e+00 1.160183e+13
320 3.063979e+00 -6.331663e+12
360 2.989995e+00 -1.676153e+13
400 2.992944e+00 -1.088753e+14
440 3.004529e+00 -6.488187e+13
480 2.980634e+00 4.291345e+12
520 2.977775e+00 1.151814e+13
560 2.924839e+00 -1.127690e+14
600 2.958344e+00 -5.709569e+13
640 2.962724e+00 -2.327214e+14
680 2.868356e+00 -8.411187e+13
720 2.931385e+00 2.694110e+14
760 2.932915e+00 -1.996700e+14
800 2.934810e+00 8.805543e+14
840 2.953393e+00 -1.653944e+14
880 2.749325e+00 8.679263e+14
920 2.671106e+00 -5.040451e+12
960 2.489642e+00 -2.266519e+14
1000 2.722214e+00 -8.896768e+13
];
