version = 'LU_Decompose_1';
LU_Decompose = [
40 2.990000e+00 0.1 
80 2.817667e+00 0.1 
120 3.127814e+00 0.1 
160 3.220190e+00 0.1 
200 3.200783e+00 0.1 
240 3.186667e+00 0.1 
280 3.181216e+00 0.1 
320 3.008985e+00 0.1 
360 3.093088e+00 0.1 
400 3.152461e+00 0.1 
440 3.086480e+00 0.1 
480 3.100136e+00 0.1 
520 3.237863e+00 0.1 
560 3.206286e+00 0.1 
600 3.233870e+00 0.1 
640 3.216765e+00 0.1 
680 3.153464e+00 0.1 
720 3.175877e+00 0.1 
760 3.121522e+00 0.1 
800 3.140692e+00 0.1 
840 3.117660e+00 0.1 
880 3.000895e+00 0.1 
920 2.863431e+00 0.1 
960 2.839715e+00 0.1 
1000 2.673499e+00 0.1 
];
