version = 'LU_Decompose_5';
LU_Decompose = [
40 2.462353e+00 0.1 
80 2.794380e+00 0.1 
120 3.522400e+00 0.1 
160 3.506890e+00 0.1 
200 3.549299e+00 0.1 
240 3.540331e+00 0.1 
280 3.397444e+00 0.1 
320 3.374741e+00 0.1 
360 3.014679e+00 0.1 
400 3.162293e+00 0.1 
440 3.181752e+00 0.1 
480 3.258498e+00 0.1 
520 3.285828e+00 0.1 
560 3.225391e+00 0.1 
600 2.922456e+00 0.1 
640 3.217180e+00 0.1 
680 3.209485e+00 0.1 
720 3.189487e+00 0.1 
760 3.127365e+00 0.1 
800 3.147185e+00 0.1 
840 3.137681e+00 0.1 
880 2.956161e+00 0.1 
920 2.824420e+00 0.1 
960 2.872924e+00 0.1 
1000 2.760534e+00 0.1 
];
