version = 'LU_Decompose_7';
LU_Decompose = [
40 2.325556e+00 0.1 
80 2.940174e+00 0.1 
120 3.289598e+00 0.1 
160 3.367831e+00 0.1 
200 3.369245e+00 0.1 
240 3.461628e+00 0.1 
280 3.452086e+00 0.1 
320 3.298136e+00 0.1 
360 3.299579e+00 0.1 
400 3.196472e+00 0.1 
440 3.135125e+00 0.1 
480 3.244423e+00 0.1 
520 3.218270e+00 0.1 
560 3.182721e+00 0.1 
600 2.980723e+00 0.1 
640 3.201896e+00 0.1 
680 3.129054e+00 0.1 
720 3.139297e+00 0.1 
760 3.164225e+00 0.1 
800 3.062974e+00 0.1 
840 3.034249e+00 0.1 
880 2.923998e+00 0.1 
920 2.863099e+00 0.1 
960 2.846051e+00 0.1 
1000 2.812882e+00 0.1 
];
