version = 'LU_Decompose_6';
LU_Decompose = [
40 2.203158e+00 0.1 
80 2.300136e+00 0.1 
120 2.732172e+00 0.1 
160 2.422317e+00 0.1 
200 1.470199e+00 0.1 
240 2.643026e+00 0.1 
280 2.604000e+00 0.1 
320 2.544848e+00 0.1 
360 2.429108e+00 0.1 
400 2.490008e+00 0.1 
440 2.547174e+00 0.1 
480 2.542578e+00 0.1 
520 2.556911e+00 0.1 
560 2.523535e+00 0.1 
600 2.488277e+00 0.1 
640 2.520471e+00 0.1 
680 2.480454e+00 0.1 
720 2.504738e+00 0.1 
760 2.477495e+00 0.1 
800 2.474679e+00 0.1 
840 2.446932e+00 0.1 
880 2.398141e+00 0.1 
920 2.423898e+00 0.1 
960 2.336248e+00 0.1 
1000 2.274654e+00 0.1 
];
