version = 'LU_Decompose_4';
LU_Decompose = [
40 2.616250e+00 0.1 
80 2.992212e+00 0.1 
120 3.215674e+00 0.1 
160 3.294352e+00 0.1 
200 3.003561e+00 0.1 
240 3.075715e+00 0.1 
280 3.151678e+00 0.1 
320 2.905490e+00 0.1 
360 3.007086e+00 0.1 
400 3.013274e+00 0.1 
440 3.004688e+00 0.1 
480 3.004601e+00 0.1 
520 3.065345e+00 0.1 
560 2.995809e+00 0.1 
600 2.948277e+00 0.1 
640 3.039646e+00 0.1 
680 3.045230e+00 0.1 
720 2.993121e+00 0.1 
760 3.003912e+00 0.1 
800 2.913920e+00 0.1 
840 2.848301e+00 0.1 
880 2.840099e+00 0.1 
920 2.678886e+00 0.1 
960 2.652602e+00 0.1 
1000 2.577804e+00 0.1 
];
