version = 'LU_decompose_8';
LU_decompose = [
40 2.093000e+00 -5.550796e+11
80 2.940174e+00 -6.118016e+13
120 3.299078e+00 -5.510231e+12
160 3.274506e+00 -6.039664e+11
200 3.495592e+00 -7.996296e+13
240 3.464238e+00 8.627766e+12
280 3.433409e+00 1.160183e+13
320 3.404793e+00 -6.331663e+12
360 3.314377e+00 -1.676153e+13
400 3.378012e+00 -1.088753e+14
440 3.428634e+00 -6.488187e+13
480 3.455347e+00 4.291345e+12
520 3.472579e+00 1.151814e+13
560 3.460413e+00 -1.127690e+14
600 3.466208e+00 -5.709569e+13
640 3.487737e+00 -2.327214e+14
680 3.460191e+00 -8.411187e+13
720 3.426037e+00 2.694110e+14
760 3.426810e+00 -1.996700e+14
800 3.493236e+00 8.805543e+14
840 3.365125e+00 -1.653944e+14
880 3.352863e+00 8.679263e+14
920 3.231707e+00 -5.040451e+12
960 3.237262e+00 -2.266519e+14
1000 3.094405e+00 -8.896768e+13
];
