version = 'LU_Decompose_3';
LU_Decompose = [
40 2.093000e+00 0.1 
80 2.486176e+00 0.1 
120 2.912926e+00 0.1 
160 2.778978e+00 0.1 
200 2.488665e+00 0.1 
240 2.771391e+00 0.1 
280 2.547194e+00 0.1 
320 2.579486e+00 0.1 
360 2.495308e+00 0.1 
400 2.490444e+00 0.1 
440 2.550957e+00 0.1 
480 2.477042e+00 0.1 
520 2.548418e+00 0.1 
560 2.574263e+00 0.1 
600 2.420518e+00 0.1 
640 2.516329e+00 0.1 
680 2.562757e+00 0.1 
720 2.537569e+00 0.1 
760 2.658172e+00 0.1 
800 2.547784e+00 0.1 
840 2.506336e+00 0.1 
880 2.436723e+00 0.1 
920 2.369563e+00 0.1 
960 2.318520e+00 0.1 
1000 2.237568e+00 0.1 
];
