version = 'LU_decompose_5';
LU_decompose = [
40 2.462353e+00 -5.550796e+11
80 1.857802e+00 -6.118016e+13
120 2.066390e+00 -5.510231e+12
160 2.654141e+00 -6.039664e+11
200 3.528088e+00 -7.996296e+13
240 3.525388e+00 8.627766e+12
280 3.508514e+00 1.160183e+13
320 3.396833e+00 -6.331663e+12
360 3.171466e+00 -1.676153e+13
400 3.279929e+00 -1.088753e+14
440 3.205499e+00 -6.488187e+13
480 3.300279e+00 4.291345e+12
520 3.300659e+00 1.151814e+13
560 3.280320e+00 -1.127690e+14
600 3.162754e+00 -5.709569e+13
640 3.256249e+00 -2.327214e+14
680 3.282696e+00 -8.411187e+13
720 3.243042e+00 2.694110e+14
760 3.255082e+00 -1.996700e+14
800 3.270890e+00 8.805543e+14
840 3.193392e+00 -1.653944e+14
880 3.118875e+00 8.679263e+14
920 3.082778e+00 -5.040451e+12
960 2.961742e+00 -2.266519e+14
1000 2.916283e+00 -8.896768e+13
];
