version = 'LU_decompose_2';
LU_decompose = [
40 2.462353e+00 -5.550796e+11
80 2.865424e+00 -6.118016e+13
120 3.622722e+00 -5.510231e+12
160 3.702779e+00 -6.039664e+11
200 3.712998e+00 -7.996296e+13
240 3.742224e+00 8.627766e+12
280 3.750108e+00 1.160183e+13
320 3.589275e+00 -6.331663e+12
360 3.596656e+00 -1.676153e+13
400 3.482427e+00 -1.088753e+14
440 3.515157e+00 -6.488187e+13
480 3.506035e+00 4.291345e+12
520 3.519321e+00 1.151814e+13
560 3.538540e+00 -1.127690e+14
600 3.551372e+00 -5.709569e+13
640 3.510886e+00 -2.327214e+14
680 3.486405e+00 -8.411187e+13
720 3.545214e+00 2.694110e+14
760 3.503898e+00 -1.996700e+14
800 3.497643e+00 8.805543e+14
840 3.433822e+00 -1.653944e+14
880 3.427237e+00 8.679263e+14
920 3.319778e+00 -5.040451e+12
960 3.242963e+00 -2.266519e+14
1000 3.169128e+00 -8.896768e+13
];
