version = 'LU_decompose_3';
LU_decompose = [
40 1.443448e+00 -5.550796e+11
80 2.704960e+00 -6.118016e+13
120 2.819655e+00 -5.510231e+12
160 2.537666e+00 -6.039664e+11
200 2.761590e+00 -7.996296e+13
240 2.752295e+00 8.627766e+12
280 2.526908e+00 1.160183e+13
320 2.537441e+00 -6.331663e+12
360 2.565430e+00 -1.676153e+13
400 2.519023e+00 -1.088753e+14
440 2.524265e+00 -6.488187e+13
480 2.537232e+00 4.291345e+12
520 2.507726e+00 1.151814e+13
560 2.491273e+00 -1.127690e+14
600 2.532932e+00 -5.709569e+13
640 2.505818e+00 -2.327214e+14
680 2.516737e+00 -8.411187e+13
720 2.486995e+00 2.694110e+14
760 2.507391e+00 -1.996700e+14
800 2.550184e+00 8.805543e+14
840 2.487778e+00 -1.653944e+14
880 2.417143e+00 8.679263e+14
920 2.389594e+00 -5.040451e+12
960 2.361968e+00 -2.266519e+14
1000 2.333529e+00 -8.896768e+13
];
