version = 'LU_decompose_6';
LU_decompose = [
40 1.902727e+00 -5.550796e+11
80 2.683492e+00 -6.118016e+13
120 2.699953e+00 -5.510231e+12
160 2.825198e+00 -6.039664e+11
200 2.917792e+00 -7.996296e+13
240 2.861152e+00 8.627766e+12
280 2.682982e+00 1.160183e+13
320 2.662035e+00 -6.331663e+12
360 2.618895e+00 -1.676153e+13
400 2.647433e+00 -1.088753e+14
440 2.700412e+00 -6.488187e+13
480 2.667417e+00 4.291345e+12
520 2.656093e+00 1.151814e+13
560 2.663639e+00 -1.127690e+14
600 2.671246e+00 -5.709569e+13
640 2.656730e+00 -2.327214e+14
680 2.683455e+00 -8.411187e+13
720 2.676998e+00 2.694110e+14
760 2.665224e+00 -1.996700e+14
800 2.661837e+00 8.805543e+14
840 2.607877e+00 -1.653944e+14
880 2.630578e+00 8.679263e+14
920 2.568060e+00 -5.040451e+12
960 2.529021e+00 -2.266519e+14
1000 2.511561e+00 -8.896768e+13
];
