version = 'LU_decompose_7';
LU_decompose = [
40 1.993333e+00 -5.550796e+11
80 2.415143e+00 -6.118016e+13
120 2.854813e+00 -5.510231e+12
160 2.834035e+00 -6.039664e+11
200 3.497893e+00 -7.996296e+13
240 3.453820e+00 8.627766e+12
280 3.545159e+00 1.160183e+13
320 3.576318e+00 -6.331663e+12
360 3.487544e+00 -1.676153e+13
400 3.567613e+00 -1.088753e+14
440 3.563098e+00 -6.488187e+13
480 3.422415e+00 4.291345e+12
520 3.469619e+00 1.151814e+13
560 3.551006e+00 -1.127690e+14
600 3.571125e+00 -5.709569e+13
640 3.653900e+00 -2.327214e+14
680 3.602037e+00 -8.411187e+13
720 3.383000e+00 2.694110e+14
760 3.535379e+00 -1.996700e+14
800 3.553924e+00 8.805543e+14
840 3.435286e+00 -1.653944e+14
880 3.373921e+00 8.679263e+14
920 2.023903e+00 -5.040451e+12
960 3.153934e+00 -2.266519e+14
1000 3.087034e+00 -8.896768e+13
];
